0: 0.87 0.78 0.689
1: 0.829 0.545 0.184
2: 0.836 0.687 0.534
3: 0.889 0.765 0.627
4: 0.888 0.738 0.635
5: 0.873 0.71 0.519
6: 0.889 0.724 0.587
7: 0.92 0.794 0.736
8: 0.853 0.747 0.584
9: 0.808 0.662 0.482
10: 0.769 0.632 0.394
11: 0.812 0.634 0.403
12: 0.947 0.898 0.841
13: 0.848 0.68 0.488
14: 0.905 0.768 0.54
15: 0.848 0.741 0.648
16: 0.917 0.621 0.303
17: 0.831 0.739 0.569
18: 0.933 0.836 0.781
19: 0.826 0.641 0.436
20: 0.848 0.646 0.414
21: 0.838 0.622 0.374
22: 0.853 0.706 0.493
23: 0.856 0.691 0.528
24: 0.868 0.692 0.552
25: 0.811 0.599 0.341
26: 0.895 0.797 0.662
27: 0.899 0.807 0.757
28: 0.693 0.504 0.015
29: 0.883 0.693 0.521
30: 0.909 0.861 0.786
31: 0.885 0.639 0.374
32: 0.878 0.779 0.693
33: 0.805 0.723 0.58
34: 0.857 0.659 0.43
35: 0.835 0.695 0.466
36: 0.901 0.754 0.613
37: 0.853 0.747 0.636
38: 0.833 0.646 0.443
39: 0.881 0.738 0.636
40: 0.823 0.69 0.544
41: 0.876 0.792 0.641
42: 0.849 0.808 0.675
43: 0.919 0.737 0.629
44: 0.794 0.662 0.483
45: 0.825 0.682 0.513
46: 0.865 0.767 0.693
47: 0.885 0.805 0.69
48: 0.835 0.655 0.413
49: 0.848 0.494 0.051
50: 0.889 0.772 0.701
51: 0.729 0.591 0.36
52: 0.82 0.617 0.348
53: 0.846 0.726 0.552
54: 0.766 0.642 0.461
55: 0.852 0.667 0.465
56: 0.832 0.644 0.442
57: 0.832 0.739 0.613
58: 0.847 0.702 0.487
59: 0.849 0.649 0.448
60: 0.843 0.698 0.548
61: 0.89 0.616 0.371
62: 0.835 0.659 0.473
63: 0.868 0.77 0.642
64: 0.832 0.676 0.505
65: 0.863 0.612 0.345
66: 0.854 0.761 0.614
67: 0.865 0.766 0.653
68: 0.857 0.635 0.408
69: 0.919 0.776 0.634
70: 0.881 0.757 0.615
71: 0.857 0.736 0.613
72: 0.791 0.683 0.523
73: 0.821 0.657 0.467
74: 0.854 0.567 0.238
75: 0.887 0.741 0.558
76: 0.864 0.68 0.513
77: 0.818 0.681 0.528
78: 0.873 0.828 0.717
79: 0.795 0.627 0.407
80: 0.836 0.696 0.553
81: 0.858 0.761 0.666
82: 0.907 0.793 0.69
83: 0.865 0.689 0.527
84: 0.856 0.729 0.539
85: 0.828 0.729 0.581
86: 0.922 0.76 0.654
87: 0.882 0.777 0.586
88: 0.824 0.659 0.456
89: 0.848 0.741 0.61
90: 0.886 0.785 0.458
91: 0.816 0.743 0.65
92: 0.857 0.725 0.599
93: 0.848 0.645 0.438
94: 0.876 0.598 0.305
95: 0.935 0.823 0.727
96: 0.931 0.794 0.739
97: 0.845 0.826 0.556
98: 0.863 0.747 0.584
99: 0.893 0.766 0.576
0.856 0.0414
0.7089 0.0746
0.5337 0.1435
