0: 0.887 0.819 0.742
1: 0.824 0.529 0.134
2: 0.841 0.697 0.55
3: 0.892 0.754 0.622
4: 0.861 0.675 0.493
5: 0.867 0.73 0.535
6: 0.884 0.708 0.559
7: 0.915 0.78 0.708
8: 0.817 0.658 0.39
9: 0.8 0.645 0.448
10: 0.783 0.662 0.493
11: 0.798 0.594 0.284
12: 0.931 0.901 0.812
13: 0.854 0.684 0.498
14: 0.916 0.812 0.604
15: 0.813 0.688 0.533
16: 0.903 0.632 0.311
17: 0.831 0.745 0.575
18: 0.944 0.875 0.837
19: 0.813 0.648 0.458
20: 0.838 0.626 0.374
21: 0.838 0.622 0.361
22: 0.848 0.703 0.485
23: 0.877 0.726 0.597
24: 0.868 0.692 0.55
25: 0.816 0.613 0.37
26: 0.874 0.706 0.5
27: 0.829 0.673 0.469
28: 0.693 0.504 0.015
29: 0.867 0.651 0.415
30: 0.909 0.838 0.754
31: 0.88 0.613 0.332
32: 0.862 0.737 0.6
33: 0.811 0.731 0.592
34: 0.852 0.664 0.433
35: 0.84 0.698 0.476
36: 0.925 0.823 0.719
37: 0.812 0.663 0.435
38: 0.846 0.682 0.521
39: 0.886 0.769 0.679
40: 0.831 0.709 0.581
41: 0.809 0.579 0.186
42: 0.839 0.801 0.662
43: 0.914 0.741 0.625
44: 0.78 0.633 0.418
45: 0.814 0.634 0.393
46: 0.857 0.773 0.695
47: 0.896 0.822 0.719
48: 0.844 0.719 0.525
49: 0.837 0.488 0.041
50: 0.873 0.761 0.671
51: 0.726 0.592 0.365
52: 0.826 0.644 0.387
53: 0.854 0.693 0.475
54: 0.758 0.628 0.433
55: 0.844 0.637 0.408
56: 0.832 0.653 0.461
57: 0.835 0.738 0.613
58: 0.821 0.687 0.448
59: 0.86 0.672 0.496
60: 0.843 0.698 0.548
61: 0.888 0.607 0.347
62: 0.846 0.678 0.521
63: 0.886 0.809 0.733
64: 0.843 0.699 0.521
65: 0.876 0.635 0.402
66: 0.854 0.783 0.635
67: 0.868 0.773 0.662
68: 0.857 0.642 0.423
69: 0.925 0.789 0.652
70: 0.881 0.757 0.615
71: 0.806 0.597 0.279
72: 0.81 0.725 0.598
73: 0.8 0.611 0.354
74: 0.857 0.539 0.16
75: 0.874 0.662 0.396
76: 0.88 0.743 0.622
77: 0.823 0.692 0.548
78: 0.87 0.831 0.717
79: 0.803 0.648 0.449
80: 0.833 0.694 0.549
81: 0.842 0.753 0.646
82: 0.902 0.789 0.677
83: 0.884 0.744 0.623
84: 0.864 0.708 0.516
85: 0.839 0.736 0.597
86: 0.925 0.817 0.72
87: 0.888 0.717 0.515
88: 0.808 0.644 0.424
89: 0.832 0.731 0.582
90: 0.905 0.795 0.503
91: 0.814 0.741 0.646
92: 0.854 0.738 0.612
93: 0.845 0.638 0.422
94: 0.873 0.606 0.319
95: 0.927 0.779 0.675
96: 0.929 0.786 0.727
97: 0.856 0.832 0.573
98: 0.855 0.742 0.57
99: 0.92 0.742 0.589
0.8528 0.0432
0.7022 0.0789
0.5153 0.1545
