0: 0.721 0.75 0.752
1: 0.754 0.742 0.683
2: 0.76 0.753 0.672
3: 0.781 0.769 0.695
4: 0.722 0.721 0.671
5: 0.725 0.715 0.606
6: 0.679 0.689 0.605
7: 0.725 0.734 0.729
8: 0.761 0.762 0.74
9: 0.789 0.812 0.785
10: 0.776 0.765 0.694
11: 0.803 0.801 0.765
12: 0.762 0.759 0.698
13: 0.745 0.745 0.708
14: 0.743 0.744 0.71
15: 0.756 0.767 0.795
16: 0.748 0.75 0.756
17: 0.756 0.745 0.651
18: 0.76 0.76 0.742
19: 0.75 0.745 0.702
20: 0.796 0.796 0.77
21: 0.753 0.759 0.74
22: 0.772 0.771 0.74
23: 0.773 0.773 0.764
24: 0.781 0.777 0.746
25: 0.73 0.718 0.661
26: 0.75 0.74 0.681
27: 0.719 0.717 0.684
28: 0.776 0.777 0.783
29: 0.789 0.798 0.781
30: 0.719 0.717 0.687
31: 0.783 0.765 0.705
32: 0.761 0.767 0.757
33: 0.798 0.792 0.75
34: 0.748 0.753 0.78
35: 0.755 0.754 0.717
36: 0.723 0.715 0.659
37: 0.776 0.782 0.761
38: 0.76 0.751 0.683
39: 0.791 0.773 0.688
40: 0.762 0.752 0.712
41: 0.791 0.78 0.734
42: 0.801 0.798 0.775
43: 0.749 0.73 0.635
44: 0.828 0.831 0.811
45: 0.816 0.817 0.809
46: 0.715 0.758 0.734
47: 0.731 0.772 0.719
48: 0.736 0.743 0.68
49: 0.782 0.775 0.739
50: 0.785 0.785 0.762
51: 0.837 0.844 0.823
52: 0.762 0.763 0.743
53: 0.752 0.762 0.761
54: 0.786 0.787 0.774
55: 0.715 0.718 0.609
56: 0.762 0.751 0.709
57: 0.814 0.803 0.761
58: 0.73 0.728 0.62
59: 0.762 0.773 0.763
60: 0.822 0.788 0.717
61: 0.783 0.785 0.739
62: 0.782 0.776 0.747
63: 0.811 0.811 0.795
64: 0.732 0.74 0.76
65: 0.768 0.754 0.703
66: 0.766 0.76 0.725
67: 0.789 0.788 0.77
68: 0.806 0.797 0.763
69: 0.727 0.765 0.75
70: 0.741 0.742 0.724
71: 0.744 0.748 0.729
72: 0.71 0.707 0.583
73: 0.807 0.799 0.765
74: 0.759 0.778 0.756
75: 0.682 0.69 0.578
76: 0.731 0.729 0.689
77: 0.701 0.726 0.641
78: 0.834 0.833 0.823
79: 0.769 0.757 0.682
80: 0.695 0.698 0.597
81: 0.759 0.735 0.649
82: 0.722 0.723 0.735
83: 0.658 0.739 0.67
84: 0.812 0.808 0.783
85: 0.795 0.777 0.724
86: 0.744 0.737 0.655
87: 0.708 0.716 0.717
88: 0.78 0.77 0.714
89: 0.79 0.781 0.741
90: 0.765 0.764 0.733
91: 0.814 0.814 0.803
92: 0.793 0.79 0.759
93: 0.834 0.835 0.802
94: 0.832 0.829 0.803
95: 0.797 0.798 0.788
96: 0.823 0.809 0.766
97: 0.8 0.802 0.776
98: 0.69 0.687 0.523
99: 0.827 0.833 0.812
0.7639 0.0379
0.7641 0.0345
0.7236 0.0589
