0: 0.748 0.769 0.761
1: 0.711 0.723 0.718
2: 0.76 0.758 0.732
3: 0.801 0.791 0.736
4: 0.744 0.744 0.73
5: 0.733 0.725 0.643
6: 0.708 0.716 0.665
7: 0.773 0.76 0.715
8: 0.777 0.766 0.73
9: 0.712 0.739 0.711
10: 0.808 0.8 0.761
11: 0.807 0.798 0.755
12: 0.783 0.785 0.771
13: 0.737 0.747 0.723
14: 0.785 0.787 0.761
15: 0.77 0.779 0.796
16: 0.765 0.762 0.786
17: 0.756 0.749 0.696
18: 0.774 0.777 0.767
19: 0.762 0.758 0.72
20: 0.806 0.806 0.784
21: 0.738 0.733 0.692
22: 0.759 0.758 0.715
23: 0.764 0.765 0.758
24: 0.768 0.772 0.772
25: 0.755 0.745 0.687
26: 0.742 0.737 0.698
27: 0.74 0.74 0.72
28: 0.78 0.78 0.794
29: 0.788 0.801 0.786
30: 0.728 0.725 0.688
31: 0.793 0.772 0.707
32: 0.782 0.772 0.736
33: 0.803 0.795 0.741
34: 0.801 0.805 0.815
35: 0.76 0.758 0.709
36: 0.725 0.727 0.711
37: 0.755 0.764 0.746
38: 0.754 0.743 0.655
39: 0.828 0.822 0.768
40: 0.797 0.8 0.787
41: 0.821 0.83 0.8
42: 0.781 0.776 0.733
43: 0.743 0.731 0.667
44: 0.735 0.754 0.74
45: 0.818 0.818 0.809
46: 0.779 0.798 0.759
47: 0.75 0.784 0.734
48: 0.737 0.743 0.692
49: 0.781 0.774 0.731
50: 0.75 0.753 0.736
51: 0.794 0.817 0.805
52: 0.785 0.786 0.759
53: 0.75 0.758 0.751
54: 0.781 0.781 0.778
55: 0.753 0.755 0.698
56: 0.779 0.779 0.749
57: 0.818 0.808 0.768
58: 0.773 0.772 0.729
59: 0.769 0.78 0.768
60: 0.804 0.785 0.715
61: 0.791 0.793 0.765
62: 0.759 0.75 0.706
63: 0.826 0.826 0.817
64: 0.762 0.767 0.773
65: 0.773 0.752 0.678
66: 0.767 0.76 0.72
67: 0.742 0.748 0.742
68: 0.758 0.741 0.669
69: 0.798 0.819 0.795
70: 0.748 0.747 0.723
71: 0.725 0.744 0.742
72: 0.773 0.772 0.721
73: 0.808 0.8 0.774
74: 0.721 0.745 0.706
75: 0.714 0.721 0.645
76: 0.723 0.72 0.673
77: 0.677 0.706 0.598
78: 0.834 0.833 0.816
79: 0.796 0.788 0.74
80: 0.695 0.698 0.626
81: 0.762 0.752 0.694
82: 0.73 0.731 0.736
83: 0.75 0.775 0.7
84: 0.819 0.817 0.802
85: 0.717 0.718 0.675
86: 0.801 0.796 0.747
87: 0.77 0.773 0.768
88: 0.79 0.782 0.738
89: 0.783 0.772 0.729
90: 0.775 0.774 0.753
91: 0.828 0.828 0.806
92: 0.784 0.778 0.742
93: 0.795 0.806 0.776
94: 0.853 0.85 0.832
95: 0.814 0.814 0.826
96: 0.807 0.798 0.759
97: 0.791 0.784 0.746
98: 0.769 0.767 0.709
99: 0.804 0.81 0.781
0.7701 0.0332
0.7709 0.0311
0.7382 0.0455
